
# Please make this file available to others
# by sending it to <lirc@bartelmus.de>
#
# this config file was automatically generated
# using lirc-0.9.0-pre1(default) on Fri Mar  7 05:02:42 2014
#
# contributed by 
#
# brand:                       /home/pi/lircd.conf
# model no. of remote control: 
# devices being controlled by this remote:
#

begin remote

  name  /home/pi/lircd.conf
  flags RAW_CODES|CONST_LENGTH
  eps            30
  aeps          100

  gap          107830

      begin raw_codes

          name BrightnessUp
             9032    4444     605     516     575     560
              567     541     587     535     567     553
              573     540     589     533     575     556
              555    1672     575    1669     589    1670
              571    1662     574    1660     597    1662
              574    1660     568    1669     596     532
              562     564     568    1680     559    1687
              570    1667     576     544     582    1668
              567     543     589    1659     577    1659
              568     562     572     537     595     527
              576    1671     607     509     574    1665
              599

          name BrightnessDown
             9032    4438     606     516     583     545
              580     541     576     531     602     529
              584     530     587     531     606     522
              571    1661     571    1665     598    1661
              573    1662     575    1671     589    1668
              564    1672     569    1673     583    1664
              575     537     590    1662     573    1660
              576    1669     595     524     578    1668
              599     524     601     531     569    1659
              593     537     576     545     576     535
              577    1668     589     529     577    1667
              594

          name Pause
             9026    4453     597     527     568     558
              568     545     584     535     564     565
              563     555     577     535     573     557
              572    1675     564    1670     584    1668
              573    1662     573    1688     570    1674
              571    1661     566    1683     578    1665
              573     557     576     527     569     562
              569     543     588     531     576    1676
              575     534     570     561     571    1662
              576    1669     592    1661     585    1651
              575    1682     579     530     575    1671
              592

          name Power
             9032    4442     603     521     577     553
              571     543     584     534     577     551
              574     539     588     531     564     582
              555    1665     568    1674     586    1665
              578    1658     569    1683     578    1664
              574    1673     560    1705     556     532
              569     559     576     546     576     534
              575     554     570     539     598    1656
              583     526     596    1660     574    1663
              572    1680     587    1655     599    1636
              576    1668     589     531     571    1669
              597

          name Red
             9034    4443     598     528     575     554
              567     547     587     532     560     566
              565     552     586     529     563     568
              562    1675     564    1702     567    1662
              569    1661     581    1667     581    1665
              574    1661     574    1678     574     539
              572     556     573     538     593    1666
              582    1653     565     556     581    1654
              582     547     570    1662     580    1673
              581    1672     570     548     582     526
              581    1669     586     525     570    1677
              596

          name Green
             9042    4450     600     517     572     558
              571     547     586     530     574     556
              565     555     583     537     565     565
              563    1672     567    1682     581    1672
              576    1659     563    1686     577    1667
              572    1667     573    1677     583    1670
              563     542     589     537     568    1689
              570    1674     568     543     587    1667
              572     540     586     527     575    1685
              582    1692     534     553     580     530
              577    1675     598     519     569    1676
              589

          name Blue
             9047    4445     604     519     596     535
              571     536     593     533     574     555
              574     545     618     497     573     559
              587    1650     578    1676     576    1670
              574    1669     570    1685     576    1667
              569    1667     574    1672     589    1668
              571     582     554    1661     575     541
              588     531     573     557     574    1677
              562     561     574     537     590    1661
              578     538     594    1659     574    1663
              582    1671     587     532     569    1680
              581

          name White
             9029    4448     605     522     574     555
              565     552     582     531     571     557
              574     540     587     533     572     556
              568    1677     568    1674     582    1675
              559    1667     574    1678     583    1665
              571    1663     577    1673     587     536
              565     572     559    1670     569     568
              566     544     578     533     574    1674
              589     531     566    1694     575    1659
              573     540     590    1666     568    1664
              576    1673     589     529     592    1666
              571

          name Orange
             9040    4445     607     510     584     543
              565     539     594     533     573     555
              569     542     589     532     573     555
              577    1667     567    1669     588    1663
              567    1667     576    1678     580    1662
              572    1663     574    1684     582     529
              583     542     568    1664     575     555
              566    1668     578     551     570    1664
              578     552     572    1671     569    1670
              594     521     579    1666     592     529
              579    1670     586     527     581    1659
              595

          name LightGreen
             9032    4442     606     523     574     555
              570     546     590     527     568     560
              568     552     574     538     568     568
              566    1667     571    1672     583    1670
              570    1666     572    1682     581    1664
              576    1660     572    1678     596    1663
              561     550     579    1666     577     544
              580    1665     575     541     597    1676
              552     540     590     535     558    1696
              584     522     575    1690     571     531
              571    1675     585     531     575    1676
              585

          name Blue2
             9067    4470     590     539     562     561
              569     549     582     539     573     560
              568     551     582     541     576     559
              569    1674     565    1688     594    1665
              571    1674     575    1682     587    1671
              575    1680     564    1691     577    1675
              580     546     579     535     575    1680
              595     529     577     557     573    1671
              575     558     589     537     611    1651
              568    1669     577     557     571    1673
              574    1701     576     529     582    1679
              587

          name Pink
             9070    4434     615     516     580     549
              574     545     583     534     569     562
              591     528     588     530     581     552
              584    1654     572    1687     580    1667
              575    1664     579    1670     606    1660
              569    1668     572    1680     580     534
              568     563     573     540     589    1668
              576     537     594     532     569    1682
              593     525     574    1683     584    1665
              574    1670     573     555     577    1663
              580    1671     592     528     571    1680
              587

          name Orange2
             9040    4455     606     520     576     554
              603     515     602     516     569     563
              573     543     592     527     567     564
              572    1666     569    1685     582    1680
              560    1671     577    1681     588    1662
              574    1665     572    1682     575     536
              574     560     574     538     594     533
              567    1681     583     537     584    1673
              581     534     575    1677     583    1671
              570    1666     571    1682     590     522
              575    1675     589     528     577    1685
              577

          name Cyan
             9046    4441     619     515     576     556
              579     535     584     542     551     571
              564     558     573     539     599     532
              585    1654     596    1657     585    1668
              573    1665     575    1681     586    1666
              573    1665     575    1675     590    1667
              565     555     577     536     571     561
              571    1673     570     556     578    1669
              571     582     539     562     573    1667
              575    1674     567    1681     586     530
              567    1687     586     530     569    1686
              592

          name Purple
             9055    4458     606     526     571     565
              574     548     579     536     571     592
              540     556     582     538     565     567
              570    1670     571    1694     580    1691
              552    1704     543    1689     578    1680
              565    1677     577    1690     577    1668
              572     542     589    1675     578    1664
              572     562     576     549     581    1671
              579     545     584     537     571    1691
              592     530     567     558     568    1677
              580    1680     588     531     579    1680
              613

          name Pink2
             9020    4470     584     548     581     567
              555     536     565     566     567     548
              580     535     574     557     571     547
              582    1671     572    1667     578    1679
              579    1676     566    1668     575    1670
              589    1669     577    1662     568     563
              565     554     584    1666     574    1665
              582     554     573     540     592    1672
              564     549     582    1674     571    1659
              582     554     577     538     615    1635
              574    1666     578     554     602    1636
              571

          name Orange3
             9052    4452     633     489     616     516
              609     500     622     506     622     509
              586     523     611     516     598     535
              608    1633     637    1605     649    1614
              602    1640     573    1682     572    1682
              555    1691     557    1695     574     563
              552     555     581    1671     560    1677
              604    1654     575     563     570     531
              579     553     570    1668     585    1665
              601     525     575     571     559     546
              582    1687     559    1662     572    1685
              589

          name LightNavy
             9035    4476     589     515     610     521
              581     553     575     545     574     544
              573     559     572     543     611     511
              574    1688     580    1669     570    1680
              568    1674     595    1665     583    1660
              569    1686     582    1674     570    1673
              571     562     567    1676     571    1688
              588    1663     578     539     591     533
              577     554     587     534     589    1678
              595     517     592     529     571     562
              577    1662     583    1675     591    1670
              569

          name Maroon
             9059    4477     589     522     605     525
              574     561     572     547     585     537
              567     567     564     557     607     513
              574    1684     584    1674     573    1674
              571    1689     583    1675     574    1670
              574    1688     582    1684     564     552
              580    1686     561    1672     573    1686
              588    1678     564     556     580     535
              573     562     574    1696     559     556
              575     540     591     533     570     562
              578    1668     577    1686     589    1666
              573

          name LightBlue
             9041    4433     609     521     579     549
              574     545     592     531     563     565
              564     551     578     534     574     556
              569    1665     572    1687     572    1668
              573    1662     573    1684     580    1672
              574    1661     565    1685     578    1663
              577    1661     572    1684     581    1660
              583    1669     562     556     579     535
              586     530     579     551     571     546
              588     526     574     557     577     537
              594    1657     579    1657     575    1677
              581

          name Yellow
             9034    4453     600     529     574     556
              572     550     602     510     579     553
              599     522     621     493     567     563
              570    1666     570    1681     587    1664
              580    1676     552    1677     591    1669
              573    1662     567    1685     585     531
              571     559     572     546     576    1676
              570    1666     578     552     582     529
              598     530     576    1678     577    1667
              575    1663     575     555     577     536
              591    1664     574    1665     579    1681
              578

          name Navy
             9033    4469     582     547     577     542
              587     532     570     560     572     541
              592     532     575     556     564     555
              592    1673     561    1669     573    1681
              582    1672     569    1670     576    1673
              590    1670     577    1664     575    1686
              579     533     575     556     572    1669
              576    1678     588     529     575     557
              576     538     594     529     574    1682
              587    1669     578     544     580     539
              581    1667     588    1665     575    1665
              576

          name LightMaroon
             9031    4478     581     547     576     532
              596     532     570     565     575     547
              576     541     567     563     574     554
              575    1677     560    1684     564    1687
              582    1678     564    1674     568    1683
              587    1678     569    1672     564     563
              575    1666     579     555     573    1669
              572    1678     596     526     579     558
              574     535     592    1675     569     547
              581    1675     575     544     586     534
              571    1687     588    1670     571    1671
              569

          name LightBlue2
             9005    4432     612     517     580     549
              571     553     569     545     564     562
              567     549     579     537     574     554
              567    1669     573    1676     600    1661
              561    1666     577    1670     587    1670
              571    1666     583    1664     584    1669
              574    1670     568     565     561    1666
              584    1666     586     528     580     550
              574     537     586     534     580     548
              570    1698     555     545     575     540
              592    1659     578    1665     570    1681
              583

          name RedUp
             9033    4476     578     545     572     548
              589     527     572     556     571     553
              574     539     571     560     571     543
              589    1675     569    1666     568    1683
              579    1668     571    1663     567    1679
              601    1655     576    1664     568     562
              565     547     593    1662     584     539
              586    1664     572     542     587     532
              572     557     573    1665     605    1641
              604     521     576    1673     597     523
              576    1668     637    1630     572    1667
              566

          name GreenUp
             9056    4446     602     525     578     554
              572     549     582     531     569     563
              568     546     587     534     572     559
              565    1675     565    1695     577    1676
              566    1676     559    1693     573    1671
              572    1663     575    1680     578    1673
              572     543     587    1667     572     543
              595    1661     581     538     587     533
              600     550     553     536     589    1669
              578     539     609    1644     578     532
              610    1650     577    1662     577    1677
              589

          name BlueUp
             9052    4454     602     521     578     556
              572     546     583     540     564     561
              566     567     563     538     582     549
              572    1666     567    1682     593    1665
              577    1670     581    1663     584    1667
              571    1684     556    1690     575     535
              579    1680     581    1666     573     547
              586    1662     576     542     588     531
              568     561     576    1669     574     554
              574     547     583    1677     570     538
              589    1669     574    1666     569    1685
              583

          name SpeedUp
             9033    4439     611     518     574     555
              571     541     587     557     552     558
              573     551     570     535     571     561
              564    1669     573    1677     590    1660
              569    1668     573    1672     589    1668
              576    1663     575    1667     595    1662
              566    1668     573    1675     586     531
              581    1667     589     529     571     559
              575     543     583     533     576     554
              576     539     602    1648     576     558
              567    1664     576    1662     577    1673
              588

          name RedDown
             9037    4446     605     523     573     558
              574     544     582     534     573     558
              567     558     579     533     563     565
              567    1671     571    1681     587    1664
              574    1664     574    1680     581    1667
              574    1673     559    1687     575     538
              576     559     574     540     584     532
              569    1690     582     528     577     551
              575     544     582    1673     573    1668
              576    1669     587    1665     581     540
              582    1665     578    1659     577    1671
              593

          name GreenDown
             9037    4452     581     551     582     528
              593     534     567     560     568     543
              593     531     571     562     568     548
              588    1665     593    1664     549    1675
              592    1674     570    1666     574    1681
              576    1677     566    1666     574    1675
              609     510     580     553     576     538
              601    1651     573     537     599     529
              576     552     578     540     589    1673
              571    1671     568    1665     593     533
              573    1680     588    1662     577    1662
              572

          name BlueDown
             9043    4466     591     542     589     528
              586     533     577     555     582     534
              585     535     567     566     571     549
              580    1675     567    1668     568    1683
              588    1665     575    1664     574    1676
              586    1669     573    1667     571     565
              570    1665     575     565     564     545
              588    1664     574     546     586     541
              565     555     578    1661     579     555
              580    1657     577    1705     564     524
              573    1672     592    1676     559    1674
              569

          name SlowDown
             9027    4454     595     536     579     530
              601     524     573     559     602     509
              592     534     566     563     568     550
              583    1663     571    1672     568    1671
              593    1664     566    1671     572    1688
              575    1676     561    1666     573    1677
              590    1664     567     545     588     530
              580    1670     589     531     573     556
              575     547     589     526     571     557
              573    1664     579    1667     590     532
              578    1666     598    1658     575    1663
              589

          name DIY1
             9043    4518     531     518     577     557
              568     541     587     538     572     556
              569     548     583     531     599     532
              579    1664     594    1658     576    1672
              569    1667     571    1706     563    1664
              573    1666     574    1680     577     534
              573     557     570    1698     546    1675
              590     524     572     558     574     547
              584     532     580    1708     549    1670
              564     582     550     536     591    1666
              582    1666     569    1664     575    1673
              583

          name DIY2
             9056    4440     608     525     574     557
              573     544     582     533     568     559
              575     543     585     531     574     557
              582    1655     569    1685     582    1668
              570    1666     578    1672     589    1674
              564    1663     572    1681     608    1642
              575     543     587    1665     569    1667
              580     551     573     549     585     528
              578     554     575     542     590    1670
              576     541     577     534     574    1672
              589    1668     574    1672     566    1688
              586

          name DIY3
             9062    4461     596     517     572     559
              573     543     588     533     574     555
              573     545     583     533     600     534
              572    1675     560    1681     580    1670
              575    1670     571    1678     591    1664
              568    1670     593    1662     576     538
              571    1681     587    1669     568    1670
              568     558     574     545     606     511
              577     551     579    1663     582     550
              580     529     598     524     576    1685
              579    1667     576    1677     563    1677
              583

          name Auto
             9017    4464     582     546     572     549
              585     530     568     559     576     542
              586     527     574     554     572     549
              580    1672     567    1665     576    1672
              578    1677     570    1667     575    1674
              585    1667     563    1676     569    1674
              598    1652     569    1669     575    1674
              594     524     570     559     577     536
              592     541     556     557     579     538
              591     540     574     546     573    1666
              574    1699     560    1661     575    1666
              575

          name DIY4
             9044    4437     605     525     578     548
              571     544     581     538     569     562
              572     545     582     533     571     562
              574    1662     566    1685     580    1667
              581    1657     568    1670     598    1663
              569    1668     570    1682     585     530
              578     558     563     549     583    1662
              573     542     589     533     572     560
              574     539     583    1667     575    1663
              578    1666     594     534     575    1676
              586    1666     567    1663     570    1678
              594

          name DIY5
             9013    4476     577     528     590     540
              579     542     569     540     588     535
              570     559     571     544     615     503
              569    1679     579    1671     575    1663
              575    1682     582    1663     569    1703
              537    1679     576    1669     574    1664
              572     559     570     549     581    1664
              577     540     599     521     570     559
              575     543     581     533     576    1673
              601    1650     573     543     587    1663
              579    1659     577    1668     599    1661
              605

          name DIY6
             9019    4468     577     557     570     545
              578     547     579     538     572     548
              583     533     590     542     567     551
              586    1671     563    1675     565    1675
              604    1648     577    1661     568    1679
              597    1661     570    1668     567     560
              571    1678     566     551     575    1673
              567     556     571     539     590     534
              576     554     571    1668     577     559
              569    1669     564     558     580    1656
              574    1678     586    1664     580    1664
              572

          name Strobe
             9034    4448     615     508     589     539
              617     489     603     526     570     558
              576     542     586     531     572     555
              577    1673     562    1663     597    1666
              574    1664     570    1665     601    1658
              572    1665     575    1672     587    1665
              574    1661     576     563     572    1664
              569     559     570     545     576     535
              573     555     576     539     593     525
              576    1668     594     528     571    1681
              587    1660     573    1661     587    1672
              583

          name RGBstrobe
             9029    4448     616     505     584     545
              593     513     595     530     581     548
              576     537     581     540     575     553
              571    1672     571    1668     590    1668
              571    1664     584    1658     587    1663
              576    1658     576    1675     587     531
              584     545     571    1667     583     544
              572     533     599     525     576     554
              578     535     594    1658     573    1662
              584     546     593    1641     582    1660
              592    1670     569    1662     585    1656
              604

          name ALLstrobe
             9027    4446     617     509     592     526
              596     511     611     515     578     552
              577     528     606     522     572     564
              563    1699     561    1653     595    1664
              559    1676     590    1646     591    1690
              549    1664     583    1671     581    1667
              575     528     600    1667     564     534
              593     531     569     562     576     537
              591     531     569     557     576    1660
              573     549     581    1655     582    1658
              608    1651     581    1656     582    1662
              598

          name RGBfade
             9031    4473     589     541     575     545
              584     537     585     550     572     533
              593     534     580     554     559     565
              568    1678     558    1695     546    1703
              570    1671     559    1682     550    1725
              542    1694     543    1692     554     582
              547    1694     539    1720     549     572
              548     610     524     574     545     564
              556     589     529    1736     509     595
              542     585     555    1689     549    1689
              562    1697     569    1684     564    1672
              578

          name ALLfade
             9031    4443     605     523     572     587
              541     538     599     523     568     560
              580     535     588     551     551     556
              575    1659     574    1666     604    1654
              579    1656     569    1678     585    1670
              572    1661     572    1674     585    1665
              571    1665     572    1681     579     534
              566     563     567     555     571     542
              584     543     559     560     570     543
              553     577     556    1677     561    1692
              569    1676     564    1672     562    1700
              556

      end raw_codes

end remote
